-0.99953,0,-0.0307882,0,0,1,0,0,0.0307882,0,-0.99953,0,4.88856,0.137562,-4.01698,1|
-0.9093,0,0.416152,0,0,1,0,0,-0.416152,0,-0.9093,0,0.859108,6.63756,-15.7273,1|
0.512775,0,0.85853,0,0,1,0,0,-0.85853,0,0.512775,0,-13.7369,6.63756,-16.8388,1|
0.997388,0,0.0723231,0,0,1,0,0,-0.0723231,0,0.997388,0,-23.7391,6.63756,-5.9494,1|
0.298561,0,-0.9544,0,0,1,0,0,0.9544,0,0.298561,0,-26.4871,6.63756,3.48409,1|
-0.671945,0,-0.740622,0,0,1,0,0,0.740622,0,-0.671945,0,-6.24402,6.63756,5.31118,1|
-0.671945,0,-0.740622,0,0,1,0,0,0.740622,0,-0.671945,0,2.46571,1.63756,-2.59088,1|
-0.999431,0,0.0338009,0,0,1,0,0,-0.0338009,0,-0.999431,0,5.07055,0.378762,-5.42067,1|
