0.998201,0,-0.0599641,0,0,1,0,0,0.0599641,0,0.998201,0,3,0,14,1|
0.998201,0,-0.0599641,0,0,1,0,0,0.0599641,0,0.998201,0,3.11153,0,15.8567,1|
0.987229,0,-0.159318,0,0,1,0,0,0.159318,0,0.987229,0,3.11153,0,15.8567,1|
0.996804,0,0.0799148,0,0,1,0,0,-0.0799148,0,0.996804,0,3.3314,0,17.2191,1|
0.996804,0,0.0799148,0,0,1,0,0,-0.0799148,0,0.996804,0,3.37455,0,16.6808,1|
0.996804,0,0.0799148,0,0,1,0,0,-0.0799148,0,0.996804,0,3.31701,0,17.3985,1|
0.996804,0,0.0799148,0,0,1,0,0,-0.0799148,0,0.996804,0,3.30103,0,17.5978,1|
0.996804,0,0.0799148,0,0,1,0,0,-0.0799148,0,0.996804,0,3.36496,0,16.8004,1|
